PID,SalePrice
526301100,194672.15975807776
526350040,200033.33385780483
526351010,224123.50727680145
526353030,177228.92796637636
527105010,195940.727023257
527105030,120156.39749988989
527145080,124364.84605852411
527146030,126598.52041957967
527165230,167466.28227560455
527166040,139727.05386339137
527180040,94032.53044558332
527225035,124652.37071642565
527258010,210341.78226514973
527276150,359643.2065764619
527302110,130513.07718972105
527358200,165881.96652131027
527368020,228284.74643611128
527403020,20890.801495593565
527404120,203983.87089164383
527427230,138541.75712456967
527451180,126761.57625359824
527451330,175230.36201854894
527451410,142013.3629356447
527452190,146177.92448946385
527453130,168955.48357984307
527453150,117642.27612989301
527454200,121742.03308124261
528108120,67777.85033613355
528112020,279575.90993605467
528120060,449386.57196735125
528120090,184798.39813788887
528120100,133330.71273475236
528120120,69575.43110164753
528138020,229991.02496784364
528138060,120372.02275841338
528150070,149964.4112301248
528175010,140605.56112430137
528176010,199600.08590275457
528176070,96490.40274851346
528180070,380863.8084057253
528188120,90704.80114840574
528228285,203170.6568659934
528228440,162805.22286111422
528231020,190762.89485336863
528240130,429914.81271021126
528292020,323130.1282119347
528328100,122544.1415822883
528344070,116394.77417639708
528363130,275911.4104514508
528382020,120239.12350750144
528386040,244785.54799131159
528456160,142762.88918636463
528458070,214719.06838707355
528458110,204875.46158434974
528477080,142473.7669000222
528480090,140741.06025794035
531380080,124432.1236162518
531451110,208699.87742745984
531451280,116420.82885018745
531452020,222423.25794437138
531452050,94613.1819497993
531452180,74828.24884982329
531453010,147427.52797618674
531453040,137688.91860536387
531477050,74616.82837248979
532377060,368988.61442242627
532377100,186632.74559946035
532378110,153087.77060037886
533130020,259263.58768991707
533130130,91532.92961443168
533130160,46924.91120491014
533205060,113121.94236113252
533208090,227574.46603008604
533210060,207175.9757401868
533212010,142899.8073878427
533212020,112517.46822763498
533213030,190181.61128330944
533221110,149225.95468320197
533223020,189370.5521970205
533223100,75003.58852939849
533253060,241542.70459761043
533253210,135855.45273774592
534102025,280912.33737504185
534129040,255613.81128069726
534151175,253696.9874054147
534152100,270965.9157115328
534176060,112143.96843343298
534176230,189482.79399496035
534401110,194840.07524569336
534401140,147510.35541354166
534403360,176661.78487084692
534403410,107338.4953300444
534430080,196870.09951880184
534450180,292028.107468261
534451150,94697.21480585317
534475100,154507.8985957082
534476260,330668.6357472168
535101020,188129.20356555533
535125010,208901.14802045844
535126040,143336.8377052124
535152010,157503.1883996252
535152050,128672.35306866586
535152130,161603.09794829827
535152150,97881.75794280208
535153070,77298.6080345681
535154050,423788.91245404317
535175070,125947.11405943839
535175180,265856.1808483859
535179020,174297.9164224384
535180130,176063.8038138247
535302200,262037.68543631642
535304060,204410.21176164673
535304180,172515.48335670985
535325400,154662.43561567957
535327140,125087.09619450815
535353190,136934.1409233712
535377090,269672.05212823447
535401080,201097.68189522304
535425010,234585.8898994404
535450210,200872.6431624282
535453070,317312.1759662742
535456110,152587.13895161013
535457010,185480.68715166562
535476350,137782.03879963304
535477020,208756.91238266093
902106130,127741.4789514233
902106140,265911.95375072374
902125160,149840.2916506948
902128170,89830.06513591533
902206130,126757.23373059825
902206220,154579.24303678822
902206240,181772.1640885284
902207130,285004.04964029556
902305110,88869.84026501953
902327040,206916.8706386814
902329030,153421.37486945267
902401060,262872.24352812127
902402130,160905.1599433283
902403070,165676.63240095254
903204040,133288.1803449109
903225150,66226.28881732615
903227020,172226.87377775382
903227150,197018.89061390713
903228150,106483.04369298185
903232190,329192.3299670507
903233120,138151.45469721127
903234050,131102.66660686125
903426180,185907.8441673118
903426200,110952.17634998645
904101110,211768.2438389832
904300150,175648.37686507736
904350045,160331.2542616315
904351040,129902.3810368245
905101100,188787.31353311514
905101300,137357.1366132064
905101310,52465.25833010937
905102060,291804.9909028858
905103060,263783.62987478497
905104210,151110.98655218832
905105070,333167.9723458664
905106170,325182.3009349305
905107110,240941.14485924752
905107250,127351.70536917634
905107320,158917.72400956613
905201030,243348.92652428008
905202090,89007.55324412901
905378040,204412.05226659868
905426060,165203.75451494707
905426200,173124.00826618748
905452110,114799.06255990913
905452160,123406.62674348688
905453040,163392.36270680072
905453080,87878.86123736261
905478190,251260.37539298553
906201030,230480.24455140036
906204230,199893.8720027051
906225210,402158.85269247997
906378100,42648.54097315448
906385010,138702.14829966673
906425045,500885.09729127283
906477110,311732.385160805
907125090,205605.6577505989
907180050,85446.454132986
907185060,234411.66153561627
907200290,214101.57080858044
907200340,407282.6762212892
907252120,145645.46357014586
907262050,106279.16774822272
907280040,129490.01410040849
907290240,354686.683066398
907401090,353542.3722251001
907410080,199233.84559487793
908102130,127222.58665208916
908102170,218829.14292461905
908102300,236844.15280989057
908152080,74690.08541691233
908203100,177481.1377345308
908208020,137428.40756452334
908225320,263010.3218838786
908275300,111269.0600619476
909100110,296240.0542405882
909176140,166393.98102989336
909176150,136480.57186431042
909177100,130450.11874777765
909250030,174274.93454872313
909281080,181399.25243100038
909426080,132740.14629151818
909427230,150290.9971552181
909455040,129488.6486622083
909475140,187740.8409732064
910202060,95719.63818767505
910203250,263122.89396898134
910205120,75803.82738545744
911128180,97795.55780203771
911202100,61581.894617982296
911204100,124703.57103794205
914467040,209719.1091118163
914475090,187732.74305648645
914476520,161456.783130703
914478045,205435.5795914953
916125360,213517.50796413663
916386010,195338.83484104648
916455170,99384.85371970067
916475110,157006.4301002156
921128020,188121.71588581117
923201020,109641.69533011975
923202105,247444.153404883
923204150,185444.1493961844
923225300,134592.861041077
923225390,221000.648821222
923225440,216468.21187887026
923226250,155643.61728752294
923226320,145586.4177648854
923228270,166740.81570799134
923228370,137118.03448610604
923251080,381729.24890057376
923276030,131416.04056971325
923276250,180802.79124445323
923426070,143241.23312935542
924100050,174704.31371165343
924151040,182790.60392145495
924152030,180502.3866112711
526302110,206718.3119823583
526351100,238461.2844762433
526355080,101707.6352341164
527107130,177157.46004985188
527108070,214673.06771614985
527110020,170729.24296883147
527127100,164820.87327097103
527132090,100461.09510278639
527161040,107454.52601183917
527162110,113132.11446480226
527162120,202726.53197273685
527163040,139884.31161716802
527163070,129995.43287389912
527163130,157394.41351928192
527164020,224859.02481414645
527164060,208465.20437686113
527164090,120710.30418505194
527165130,132646.34136394854
527166010,181818.94265840933
527182110,269795.96639878326
527214050,68308.9354978179
527254020,219291.94484567197
527258020,159420.70214096445
527302175,119156.69646075656
527326040,314641.41421353095
527326150,230209.23816296484
527353020,133393.5662694315
527353060,195574.32107023514
527354100,236961.4245193071
527354200,263867.6685408395
527355150,68866.04833144642
527356040,166653.50078018664
527359050,106417.98919142578
527359180,193202.35246623357
527364030,363582.3259334685
527365030,355078.43445773714
527366030,200911.4739467871
527368010,141453.19449984957
527375100,285121.4330432006
527375210,194359.7662775593
527401160,151553.7046940181
527402220,111746.66230010818
527403040,224312.80179801153
527404020,142984.62233235643
527404030,169507.60189201793
527405130,136726.42701851577
527405160,114301.31403576782
527425060,210487.49338208447
527451110,247813.49054453475
527451320,193407.75869355712
527451540,130956.70463635704
527451640,135112.21485979023
527451650,152593.17129010003
527452060,229127.31748695864
527453050,146479.79404123308
527454050,163855.70982518405
527454130,94761.5294761357
527455060,73090.6543556764
527455240,142009.03479820502
528104070,161143.6667847752
528106020,137929.26071967394
528106070,220556.19829155452
528108010,351715.08761435543
528108020,96627.15053022583
528108070,123644.6812930285
528108130,133861.23448490957
528108140,245385.29224181775
528110010,181674.77180350965
528110020,234476.60755252192
528110090,93204.08790997378
528120020,152849.86637919582
528120160,171535.1900775138
528120170,216226.98326534618
528142150,126487.71604480135
528144020,126798.471603527
528166060,136568.91989706125
528166090,50889.86465852491
528172060,267750.9844196708
528174070,239344.24837377062
528175050,270154.9528178162
528175060,209299.9817285209
528176030,141447.17699418066
528178010,144437.59874674943
528180120,67418.96420961632
528180130,146990.13918888132
528186010,192116.76190284142
528186180,170815.6307005958
528188020,363024.4109968156
528188060,71906.64625536207
528221060,330407.9200986753
528221070,125305.23909007595
528228290,202231.21964118615
528228435,133594.9374501085
528228450,261923.33027882804
528228455,320029.2829983153
528228460,57827.0808973887
528235090,154580.85702862777
528235200,294855.6409913496
528240030,240200.20386000027
528240150,152022.536857323
528253010,163767.44209422823
528275160,150424.7895314839
528290190,156833.95674020902
528292040,160546.45166693814
528315090,201558.9573195429
528321010,284606.43952147104
528327070,179920.2473171534
528344100,176329.68313768733
528354050,154466.15912428
528363050,232355.0752368638
528385050,154443.05741514917
528387030,144161.76685975108
528390100,184619.43385346065
528390210,184434.47196177015
528427020,177668.13033622393
528431070,395178.0871110747
528435030,162684.07500991196
528456240,129685.96365206648
528458020,156494.5639373162
528458040,146854.1562559909
528458140,271118.8303710988
528458160,149595.35459904987
528477050,173221.60497641907
528480170,113507.00471711578
528482130,236117.89006303833
528488100,387086.48956061865
528490040,179147.49876081577
531363010,225354.69943308458
531363030,204238.10497315013
531369010,187331.72126242696
531369020,233367.20118975762
531371050,181322.49388818565
531375090,248632.75271829998
531382070,143058.42501800062
531450120,142271.2606741086
531452010,182395.22196116747
531452070,240904.1298088814
531452260,235206.61184264545
531453100,162623.79663420326
531475220,103998.8888954317
531477020,167162.72000039124
531479020,163667.62048991333
532353130,127881.81289410123
532354160,263950.4557571265
532376070,272513.7624108576
532376110,69511.66126742664
532378120,151366.08062655016
532378180,218796.82616706696
533135020,183919.7756288485
533206020,95966.67394697026
533210010,163363.3176721895
533210020,143772.73512867332
533213010,262960.91660964285
533221040,300969.9086361776
533223030,245966.76928528023
533253070,116702.27176240439
533254050,150105.36571658665
